n_days_data <-
100
x_calls_111 <-
c(228, 820, 998, 743, 820, 35, 176, 767, 431, 935, 923, 89, 840, 
150, 333, 985, 859, 552, 345, 400, 341, 75, 459, 350, 389, 613, 
435, 22, 990, 120, 389, 980, 959, 800, 692, 886, 820, 261, 566, 
54, 459, 528, 492, 668, 323, 863, 84, 479, 868, 346, 416, 987, 
583, 84, 246, 45, 29, 938, 347, 599, 883, 504, 824, 537, 639, 
786, 447, 21, 276, 682, 90, 309, 216, 604, 699, 124, 560, 734, 
562, 605, 69, 868, 170, 862, 601, 213, 311, 315, 437, 773, 145, 
245, 207, 302, 820, 831, 368, 607, 820, 601)
y_cvd_hosp <-
c(184, 584, 480, 466, 454, 101, 189, 505, 348, 459, 568, 107, 
498, 40, 187, 534, 524, 339, 204, 274, 337, 136, 292, 210, 364, 
375, 278, 120, 599, 126, 203, 553, 550, 498, 385, 537, 531, 253, 
301, 40, 253, 328, 264, 504, 301, 567, 106, 264, 560, 259, 278, 
624, 351, 115, 273, 93, 65, 545, 240, 456, 555, 337, 440, 309, 
372, 437, 285, 69, 233, 415, 170, 214, 163, 332, 508, 135, 275, 
434, 373, 348, 180, 474, 174, 569, 335, 107, 203, 220, 285, 436, 
233, 85, 153, 199, 490, 506, 244, 398, 501, 361)
